2008372057                    000010035618038           000012000000000000          000.00000.00000.00000.000000006.170000000.0010.00N0000000.00                                                                                                                                                                                                        
2008372057                    000020035618038           000001000000000001          000.00000.00000.00000.000000000.000000000.0010.00N0000000.00                                                                                                                                                                                                        
2008372057                    000030025669019           000024000000000000          000.00000.00000.00000.000000003.320000000.0010.00N0000000.00                                                                                                                                                                                                        
2008372057                    000040025669185           000024000000000000          000.00000.00000.00000.000000007.050000000.0010.00N0000000.00                                                                                                                                                                                                        
2008372057                    000050025829185           000012000000000000          000.00000.00000.00000.000000007.670000000.0010.00N0000000.00                                                                                                                                                                                                        
2008372057                    000060025829185           000002000000000002          000.00000.00000.00000.000000000.000000000.0010.00N0000000.00                                                                                                                                                                                                        
2008372057                    000070025829223           000012000000000000          000.00000.00000.00000.000000005.850000000.0010.00N0000000.00                                                                                                                                                                                                        
2008372057                    000080040055030           000012000000000000          000.00000.00000.00000.000000004.500000000.0010.00N0000000.00                                                                                                                                                                                                        
2008372057                    000090000534020           000001000000000001          000.00000.00000.00000.000000000.000000000.0010.00N0000000.00                                                                                                                                                                                                        
2008372057                    000100981076060           000006000000000000          000.00000.00000.00000.000000006.430000000.0022.00N0000000.00                                                                                                                                                                                                        
2008372057                    000110981076060           000001000000000001          000.00000.00000.00000.000000000.000000000.0010.00N0000000.00                                                                                                                                                                                                        
2008372057                    000120051222014           000012000000000000          000.00000.00000.00000.000000003.940000000.0010.00N0000000.00                                                                                                                                                                                                        
2008372057                    000130012745143           000025000000000000          000.00000.00000.00000.000000004.020000000.0010.00N0000000.00                                                                                                                                                                                                        
2008372057                    000140012745360           000090000000000000          000.00000.00000.00000.000000006.560000000.0010.00N0000000.00                                                                                                                                                                                                        
2008372057                    000150012745220           000012000000000000          000.00000.00000.00000.000000005.300000000.0010.00N0000000.00                                                                                                                                                                                                        
2008372057                    000160012745168           000016000000000016          000.00000.00000.00000.000000000.000000000.0010.00N0000000.00                                                                                                                                                                                                        
2008372057                    000170012745117           000006000000000000          000.00000.00000.00000.000000004.810000000.0010.00N0000000.00                                                                                                                                                                                                        
2008372057                    000180042896151           000012000000000000          000.00000.00000.00000.000000008.220000000.0010.00N0000000.00                                                                                                                                                                                                        
2008372057                    000190035444037           000050000000000000          000.00000.00000.00000.000000004.200000000.0010.00N0000000.00                                                                                                                                                                                                        
2008372057                    000200031825060           000020000000000000          000.00000.00000.00000.000000002.220000000.0010.00N0000000.00                                                                                                                                                                                                        
2008372057                    000210025940053           000010000000000000          000.00000.00000.00000.000000002.690000000.0010.00N0000000.00                                                                                                                                                                                                        
2008372057                    000220931147918           000012000000000000          000.00000.00000.00000.000000008.020000000.0022.00N0000000.00                                                                                                                                                                                                        
