2008372157                    000010012745182           000300000000000000          000.00000.00000.00000.000000005.300000000.0010.00N0000000.00                                                                                                                                                                                                        
2008372157                    000020012745143           000050000000000000          000.00000.00000.00000.000000004.020000000.0010.00N0000000.00                                                                                                                                                                                                        
2008372157                    000030012745360           000024000000000000          000.00000.00000.00000.000000006.560000000.0010.00N0000000.00                                                                                                                                                                                                        
2008372157                    000040040313076           000015000000000000          000.00000.00000.00000.000000004.630000000.0010.00N0000000.00                                                                                                                                                                                                        
2008372157                    000050012745093           000030000000000000          000.00000.00000.00000.000000003.780000000.0010.00N0000000.00                                                                                                                                                                                                        
2008372157                    000060012745168           000030000000000000          000.00000.00000.00000.000000004.420000000.0010.00N0000000.00                                                                                                                                                                                                        
2008372157                    000070012745117           000012000000000000          000.00000.00000.00000.000000004.810000000.0010.00N0000000.00                                                                                                                                                                                                        
2008372157                    000080034329058           000012000000000000          000.00000.00000.00000.000000005.730000000.0010.00N0000000.00                                                                                                                                                                                                        
2008372157                    000090012745016           000036000000000000          000.00000.00000.00000.000000004.420000000.0010.00N0000000.00                                                                                                                                                                                                        
2008372157                    000100012745042           000030000000000000          000.00000.00000.00000.000000003.960000000.0010.00N0000000.00                                                                                                                                                                                                        
2008372157                    000110040313013           000005000000000000          000.00000.00000.00000.000000003.930000000.0010.00N0000000.00                                                                                                                                                                                                        
2008372157                    000120040313049           000025000000000000          000.00000.00000.00000.000000005.180000000.0010.00N0000000.00                                                                                                                                                                                                        
