2008375067                    000010035618026           000000000000000000          000.00000.00000.00000.000000005.960000000.0010.00N0000000.00                                                                                                                                                                                                        
2008375067                    000020035618204           000000000000000000          000.00000.00000.00000.000000008.240000000.0010.00N0000000.00                                                                                                                                                                                                        
2008375067                    000030035618077           000000000000000000          000.00000.00000.00000.000000005.700000000.0010.00N0000000.00                                                                                                                                                                                                        
2008375067                    000040000404272           000000000000000000          000.00000.00000.00000.000000032.800000000.0010.00N0000000.00                                                                                                                                                                                                        
2008375067                    000050034358022           000006000000000000          000.00000.00000.00000.000000005.130000000.0010.00N0000000.00                                                                                                                                                                                                        
2008375067                    000060000415201           000000000000000000          000.00000.00000.00000.000000186.480000000.0010.00N0000000.00                                                                                                                                                                                                        
2008375067                    000070015001023           000000000000000000          000.00000.00000.00000.000000002.970000000.0010.00N0000000.00                                                                                                                                                                                                        
2008375067                    000080934855572           000000000000000000          000.00000.00000.00000.000000002.950000000.0022.00N0000000.00                                                                                                                                                                                                        
2008375067                    000090934855560           000000000000000000          000.00000.00000.00000.000000004.000000000.0022.00N0000000.00                                                                                                                                                                                                        
2008375067                    000100012745360           000000000000000000          000.00000.00000.00000.000000006.760000000.0010.00N0000000.00                                                                                                                                                                                                        
2008375067                    000110012745168           000000000000000000          000.00000.00000.00000.000000004.420000000.0010.00N0000000.00                                                                                                                                                                                                        
2008375067                    000120012745042           000000000000000000          000.00000.00000.00000.000000003.960000000.0010.00N0000000.00                                                                                                                                                                                                        
2008375067                    000130042896035           000000000000000000          000.00000.00000.00000.000000005.730000000.0010.00N0000000.00                                                                                                                                                                                                        
2008375067                    000140042896151           000000000000000000          000.00000.00000.00000.000000008.220000000.0010.00N0000000.00                                                                                                                                                                                                        
