2008373228                    000010035618026           000032000000000000          000.00000.00000.00000.000000005.960000000.0010.00N0000000.00                                                                                                                                                                                                        
2008373228                    000020035618026           000004000000000004          000.00000.00000.00000.000000000.000000000.0010.00N0000000.00                                                                                                                                                                                                        
2008373228                    000030035618077           000006000000000000          000.00000.00000.00000.000000005.700000000.0010.00N0000000.00                                                                                                                                                                                                        
2008373228                    000040025669019           000032000000000000          000.00000.00000.00000.000000003.320000000.0010.00N0000000.00                                                                                                                                                                                                        
2008373228                    000050025669185           000010000000000000          000.00000.00000.00000.000000007.050000000.0010.00N0000000.00                                                                                                                                                                                                        
2008373228                    000060025829084           000048000000000000          000.00000.00000.00000.000000005.520000000.0010.00N0000000.00                                                                                                                                                                                                        
2008373228                    000070000404272           000001000000000000          000.00000.00000.00000.000000026.800000000.0010.00N0000000.00                                                                                                                                                                                                        
2008373228                    000080034358034           000072000000000000          000.00000.00000.00000.000000004.950000000.0010.00N0000000.00                                                                                                                                                                                                        
2008373228                    000090034358022           000096000000000000          000.00000.00000.00000.000000004.950000000.0010.00N0000000.00                                                                                                                                                                                                        
2008373228                    000100022088076           000018000000000000          000.00000.00000.00000.000000005.000000000.0010.00N0000000.00                                                                                                                                                                                                        
2008373228                    000110000415687           000001000000000000          000.00000.00000.00000.000000030.000000000.0010.00N0000000.00                                                                                                                                                                                                        
2008373228                    000120000415107           000001000000000000          000.00000.00000.00000.000000079.650000000.0010.00N0000000.00                                                                                                                                                                                                        
2008373228                    000130023399049           000012000000000000          000.00000.00000.00000.000000009.860000000.0010.00N0000000.00                                                                                                                                                                                                        
2008373228                    000140000419784           000001000000000000          000.00000.00000.00000.000000083.040000000.0010.00N0000000.00                                                                                                                                                                                                        
