2008373479                    000010035618026           000006000000000000          000.00000.00000.00000.000000005.960000000.0010.00N0000000.00                                                                                                                                                                                                        
2008373479                    000020035618053           000003000000000000          000.00000.00000.00000.000000007.510000000.0010.00N0000000.00                                                                                                                                                                                                        
2008373479                    000030035618038           000006000000000000          000.00000.00000.00000.000000006.170000000.0010.00N0000000.00                                                                                                                                                                                                        
2008373479                    000040025669019           000006000000000000          000.00000.00000.00000.000000003.790000000.0010.00N0000000.00                                                                                                                                                                                                        
2008373479                    000050025669185           000003000000000000          000.00000.00000.00000.000000008.030000000.0010.00N0000000.00                                                                                                                                                                                                        
2008373479                    000060025829084           000012000000000000          000.00000.00000.00000.000000005.520000000.0010.00N0000000.00                                                                                                                                                                                                        
2008373479                    000070025829185           000006000000000000          000.00000.00000.00000.000000007.670000000.0010.00N0000000.00                                                                                                                                                                                                        
2008373479                    000080043682020           000003000000000000          000.00000.00000.00000.000000005.100000000.0010.00N0000000.00                                                                                                                                                                                                        
2008373479                    000090035355015           000006000000000000          000.00000.00000.00000.000000005.000000000.0010.00N0000000.00                                                                                                                                                                                                        
2008373479                    000100981154281           000006000000000000          000.00000.00000.00000.000000002.450000000.0022.00N0000000.00                                                                                                                                                                                                        
2008373479                    000110974779629           000006000000000000          000.00000.00000.00000.000000003.980000000.0022.00N0000000.00                                                                                                                                                                                                        
2008373479                    000120015001086           000006000000000000          000.00000.00000.00000.000000004.370000000.0010.00N0000000.00                                                                                                                                                                                                        
2008373479                    000130982990956           000006000000000000          000.00000.00000.00000.000000002.000000000.0022.00N0000000.00                                                                                                                                                                                                        
2008373479                    000140012745182           000060000000000000          000.00000.00000.00000.000000005.300000000.0010.00N0000000.00                                                                                                                                                                                                        
2008373479                    000150012745143           000012000000000000          000.00000.00000.00000.000000004.020000000.0010.00N0000000.00                                                                                                                                                                                                        
2008373479                    000160012745360           000024000000000000          000.00000.00000.00000.000000006.560000000.0010.00N0000000.00                                                                                                                                                                                                        
2008373479                    000170012745220           000012000000000000          000.00000.00000.00000.000000005.300000000.0010.00N0000000.00                                                                                                                                                                                                        
2008373479                    000180040313076           000020000000000000          000.00000.00000.00000.000000004.630000000.0010.00N0000000.00                                                                                                                                                                                                        
2008373479                    000190012745093           000020000000000000          000.00000.00000.00000.000000003.780000000.0010.00N0000000.00                                                                                                                                                                                                        
2008373479                    000200012745117           000006000000000000          000.00000.00000.00000.000000004.810000000.0010.00N0000000.00                                                                                                                                                                                                        
2008373479                    000210012745016           000012000000000000          000.00000.00000.00000.000000004.420000000.0010.00N0000000.00                                                                                                                                                                                                        
2008373479                    000220012745079           000012000000000000          000.00000.00000.00000.000000003.440000000.0010.00N0000000.00                                                                                                                                                                                                        
2008373479                    000230012745042           000030000000000000          000.00000.00000.00000.000000003.960000000.0010.00N0000000.00                                                                                                                                                                                                        
2008373479                    000240040313049           000012000000000000          000.00000.00000.00000.000000005.180000000.0010.00N0000000.00                                                                                                                                                                                                        
2008373479                    000250012745081           000006000000000000          000.00000.00000.00000.000000002.980000000.0010.00N0000000.00                                                                                                                                                                                                        
2008373479                    000260042896151           000001000000000000          000.00000.00000.00000.000000008.220000000.0010.00N0000000.00                                                                                                                                                                                                        
2008373479                    000270031825060           000015000000000000          000.00000.00000.00000.000000002.220000000.0010.00N0000000.00                                                                                                                                                                                                        
2008373479                    000280025940053           000004000000000000          000.00000.00000.00000.000000002.690000000.0010.00N0000000.00                                                                                                                                                                                                        
2008373479                    000290931147918           000002000000000000          000.00000.00000.00000.000000008.950000000.0022.00N0000000.00                                                                                                                                                                                                        
