2008374956                    000010035618026           000006000000000000          000.00000.00000.00000.000000005.960000000.0010.00N0000000.00                                                                                                                                                                                                        
2008374956                    000020035618204           000003000000000000          000.00000.00000.00000.000000008.240000000.0010.00N0000000.00                                                                                                                                                                                                        
2008374956                    000030035618038           000003000000000000          000.00000.00000.00000.000000006.170000000.0010.00N0000000.00                                                                                                                                                                                                        
2008374956                    000040025669019           000003000000000000          000.00000.00000.00000.000000003.780000000.0010.00N0000000.00                                                                                                                                                                                                        
2008374956                    000050025669185           000005000000000000          000.00000.00000.00000.000000008.030000000.0010.00N0000000.00                                                                                                                                                                                                        
2008374956                    000060025829084           000005000000000000          000.00000.00000.00000.000000005.520000000.0010.00N0000000.00                                                                                                                                                                                                        
2008374956                    000070025829223           000005000000000000          000.00000.00000.00000.000000005.850000000.0010.00N0000000.00                                                                                                                                                                                                        
2008374956                    000080040055030           000012000000000000          000.00000.00000.00000.000000004.500000000.0010.00N0000000.00                                                                                                                                                                                                        
2008374956                    000090043786033           000003000000000000          000.00000.00000.00000.000000005.090000000.0010.00N0000000.00                                                                                                                                                                                                        
2008374956                    000100051222014           000006000000000000          000.00000.00000.00000.000000003.940000000.0010.00N0000000.00                                                                                                                                                                                                        
2008374956                    000110022088076           000003000000000000          000.00000.00000.00000.000000005.990000000.0010.00N0000000.00                                                                                                                                                                                                        
2008374956                    000120930605264           000006000000000000          000.00000.00000.00000.000000009.550000000.0010.00N0000000.00                                                                                                                                                                                                        
2008374956                    000130930605288           000003000000000000          000.00000.00000.00000.000000009.550000000.0010.00N0000000.00                                                                                                                                                                                                        
2008374956                    000140937023505           000006000000000000          000.00000.00000.00000.000000009.600000000.0010.00N0000000.00                                                                                                                                                                                                        
2008374956                    000150012745182           000160000000000000          000.00000.00000.00000.000000005.300000000.0010.00N0000000.00                                                                                                                                                                                                        
2008374956                    000160012745360           000003000000000000          000.00000.00000.00000.000000006.760000000.0010.00N0000000.00                                                                                                                                                                                                        
2008374956                    000170012745220           000012000000000000          000.00000.00000.00000.000000005.300000000.0010.00N0000000.00                                                                                                                                                                                                        
2008374956                    000180040313076           000003000000000000          000.00000.00000.00000.000000004.630000000.0010.00N0000000.00                                                                                                                                                                                                        
2008374956                    000190012745168           000012000000000000          000.00000.00000.00000.000000004.420000000.0010.00N0000000.00                                                                                                                                                                                                        
2008374956                    000200012745168           000018000000000018          000.00000.00000.00000.000000000.000000000.0010.00N0000000.00                                                                                                                                                                                                        
2008374956                    000210012745067           000005000000000000          000.00000.00000.00000.000000004.630000000.0010.00N0000000.00                                                                                                                                                                                                        
2008374956                    000220012745079           000016000000000000          000.00000.00000.00000.000000003.440000000.0010.00N0000000.00                                                                                                                                                                                                        
2008374956                    000230012745042           000020000000000000          000.00000.00000.00000.000000003.960000000.0010.00N0000000.00                                                                                                                                                                                                        
2008374956                    000240012745055           000012000000000000          000.00000.00000.00000.000000004.200000000.0010.00N0000000.00                                                                                                                                                                                                        
2008374956                    000250012745081           000006000000000000          000.00000.00000.00000.000000002.980000000.0010.00N0000000.00                                                                                                                                                                                                        
2008374956                    000260042896035           000003000000000000          000.00000.00000.00000.000000005.730000000.0010.00N0000000.00                                                                                                                                                                                                        
2008374956                    000270042896151           000003000000000000          000.00000.00000.00000.000000008.470000000.0010.00N0000000.00                                                                                                                                                                                                        
2008374956                    000280035444037           000006000000000000          000.00000.00000.00000.000000004.210000000.0010.00N0000000.00                                                                                                                                                                                                        
2008374956                    000290031825060           000012000000000000          000.00000.00000.00000.000000002.220000000.0010.00N0000000.00                                                                                                                                                                                                        
2008374956                    000300025940053           000016000000000000          000.00000.00000.00000.000000002.690000000.0010.00N0000000.00                                                                                                                                                                                                        
2008374956                    000310003785033           000006000000000000          000.00000.00000.00000.000000002.850000000.0010.00N0000000.00                                                                                                                                                                                                        
