2008372926                    000010035618038           000020000000000000          000.00000.00000.00000.000000006.170000000.0010.00N0000000.00                                                                                                                                                                                                        
2008372926                    000020035618038           000004000000000004          000.00000.00000.00000.000000000.000000000.0010.00N0000000.00                                                                                                                                                                                                        
2008372926                    000030035618077           000006000000000000          000.00000.00000.00000.000000005.700000000.0010.00N0000000.00                                                                                                                                                                                                        
2008372926                    000040035618077           000001000000000001          000.00000.00000.00000.000000000.000000000.0010.00N0000000.00                                                                                                                                                                                                        
2008372926                    000050025669185           000010000000000000          000.00000.00000.00000.000000008.030000000.0010.00N0000000.00                                                                                                                                                                                                        
2008372926                    000060000404272           000001000000000000          000.00000.00000.00000.000000026.800000000.0010.00N0000000.00                                                                                                                                                                                                        
2008372926                    000070022088076           000018000000000000          000.00000.00000.00000.000000005.000000000.0010.00N0000000.00                                                                                                                                                                                                        
2008372926                    000080000415687           000001000000000000          000.00000.00000.00000.000000030.000000000.0010.00N0000000.00                                                                                                                                                                                                        
2008372926                    000090023399049           000012000000000000          000.00000.00000.00000.000000009.860000000.0010.00N0000000.00                                                                                                                                                                                                        
2008372926                    000100908755073           000012000000000000          000.00000.00000.00000.000000002.440000000.0022.00N0000000.00                                                                                                                                                                                                        
2008372926                    000110908755073           000002000000000002          000.00000.00000.00000.000000000.000000000.0010.00N0000000.00                                                                                                                                                                                                        
2008372926                    000120012745168           000010000000000010          000.00000.00000.00000.000000000.000000000.0010.00N0000000.00                                                                                                                                                                                                        
